"cases"
0
0
5
0
0
10
3
4
0
0
0
34
0
7
19
26
67
60
28
24
425
263
419
337
317
504
322
392
730
669
659
788
681
480
988
1092
877
1441
890
923
422
718
868
963
916
889
663
535
738
873
875
862
967
858
666
874
883
1033
1142
1293
1026
784
1037
1053
968
1219
1251
1009
1000
1179
1355
1448
1347
1801
785
909
1219
1411
945
1181
1060
839
623
589
1361
1855
1230
1332
1949
593
1688
1703
1649
1693
1940
1425
638
1637
2504
1826
2097
2331
1843
1254
4098
3129
3516
3454
4430
3866
3280
5489
5551
5996
5707
5742
5357
4288
6975
8076
7915
7555
8258
3449
5318
10028
9979
9782
9765
10351
8196
5655
10745
7307
10291
14916
10158
7300
7404
9305
9879
9507
8701
6020
5810
4267
8342
9042
8800
8839
9539

